ID	Description	GeneRatio	BgRatio	RichFactor	FoldEnrichment	zScore	pvalue	p.adjust	qvalue	geneID	Count
GO:0071949	FAD binding	17/928	80/26753	0.2125	6.12609105603448	8.70416927285387	1.71685751340459e-09	8.4812761162187e-07	7.91561674601276e-07	AT5G65110/AT3G30775/AT3G15620/AT1G30730/AT1G26380/AT1G30720/AT1G26420/AT5G05320/AT1G26410/AT4G20830/AT1G30700/AT2G29720/AT2G46750/AT4G38540/AT2G46740/AT1G30760/AT4G20860	17
GO:0050897	cobalt ion binding	11/928	47/26753	0.234042553191489	6.74713407923698	7.47528554560758	4.57555536821922e-07	0.000113016217595015	0.000105478592172633	AT1G03090/AT5G07440/AT3G22200/AT5G18170/AT4G34030/AT1G20630/AT5G63620/AT1G02920/AT1G02930/AT5G10860/AT1G20620	11
GO:0050660	flavin adenine dinucleotide binding	19/928	162/26753	0.117283950617284	3.38113958067263	5.76244744223316	3.75186975731945e-06	0.00061780788670527	0.0005766031416512	AT3G45300/AT5G65110/AT3G30775/AT3G15620/AT1G30730/AT1G26380/AT3G51840/AT1G30720/AT1G26420/AT5G05320/AT1G26410/AT4G20830/AT1G30700/AT2G29720/AT2G46750/AT4G38540/AT2G46740/AT1G30760/AT4G20860	19
GO:0015144	carbohydrate transmembrane transporter activity	12/928	87/26753	0.137931034482759	3.97636741973841	5.27107483155663	4.58797214442741e-05	0.00566614559836785	0.00528824157699791	AT4G36670/AT1G79360/AT1G77210/AT3G19930/AT1G11260/AT3G20660/AT5G23660/AT3G28007/AT3G18830/AT1G08930/AT5G26340/AT1G75220	12
